-3.047294139862060547e+00 1.452251553535461426e+00 6.710967421531677246e-01
-4.329290866851806641e+00 2.640596926212310791e-01 2.113053798675537109e+00
-1.315558433532714844e+00 8.758978843688964844e-01 -1.416039347648620605e+00
-3.430916786193847656e+00 1.348599791526794434e+00 -9.418357014656066895e-01
-4.719411134719848633e-01 7.874655127525329590e-01 2.923438310623168945e+00
-2.241606712341308594e+00 1.328538894653320312e+00 2.623151779174804688e+00
-1.310422897338867188e+00 4.183765947818756104e-01 -1.897285223007202148e+00
-1.120583057403564453e+00 1.237724304199218750e+00 -7.402952313423156738e-01
-1.809250235557556152e+00 1.368064522743225098e+00 8.548228144645690918e-01
-2.320909500122070312e-02 1.431472182273864746e+00 -8.434403538703918457e-01
-4.070337295532226562e+00 1.096762180328369141e+00 2.075919866561889648e+00
-4.044390201568603516e+00 7.274978160858154297e-01 1.965263128280639648e+00
-1.534240245819091797e+00 1.110391974449157715e+00 -1.470336318016052246e+00
-4.050255298614501953e+00 6.220279335975646973e-01 1.643384099006652832e+00
-1.084328651428222656e+00 8.408058881759643555e-01 -2.668897628784179688e+00
-3.420451641082763672e+00 1.333337187767028809e+00 -3.645523190498352051e-01
-3.014319896697998047e+00 7.175303101539611816e-01 2.307482004165649414e+00
-2.772781610488891602e+00 1.225956439971923828e+00 -2.359123229980468750e+00
1.552936911582946777e+00 1.524311304092407227e+00 -2.239552974700927734e+00
-3.874157905578613281e+00 4.771654307842254639e-01 -3.140296697616577148e+00
-3.586221218109130859e+00 9.169487953186035156e-01 -1.235924482345581055e+00
4.156645536422729492e-01 1.339382767677307129e+00 -1.006896734237670898e+00
5.458830595016479492e-01 1.187223076820373535e+00 -1.357865095138549805e+00
-3.999233245849609375e-02 1.382851243019104004e+00 2.650014400482177734e+00
-2.444424152374267578e+00 9.888417720794677734e-01 4.999354481697082520e-01
-2.775672912597656250e+00 1.223771095275878906e+00 -3.055249214172363281e+00
9.402385950088500977e-01 1.375346183776855469e+00 -3.027265310287475586e+00
1.067319512367248535e+00 1.469097852706909180e+00 1.440601229667663574e+00
7.436460256576538086e-01 6.576837897300720215e-01 1.183512687683105469e+00
-2.360731363296508789e-01 1.873576492071151733e-01 3.375806286931037903e-02
1.078014969825744629e+00 7.529144883155822754e-01 -2.121606826782226562e+00
-2.164313316345214844e+00 7.060605287551879883e-01 2.015252351760864258e+00
-3.524808168411254883e+00 1.226357817649841309e+00 1.359146356582641602e+00
-3.075779438018798828e+00 9.024410247802734375e-01 -2.353300094604492188e+00
-9.939934015274047852e-01 5.336843132972717285e-01 2.942337512969970703e+00
-1.858728170394897461e+00 3.186906874179840088e-01 2.902952432632446289e+00
-3.548651933670043945e+00 5.660839676856994629e-01 2.237267643213272095e-01
-4.698041439056396484e+00 1.103918671607971191e+00 -3.035195112228393555e+00
-3.683113574981689453e+00 5.628274083137512207e-01 -1.183006048202514648e+00
-1.482963562011718750e-02 3.881327807903289795e-01 -1.163917422294616699e+00
4.977542161941528320e-01 1.238277554512023926e+00 -1.627831220626831055e+00
-3.713890075683593750e+00 1.060497403144836426e+00 2.578633308410644531e+00
1.398928046226501465e+00 1.231513023376464844e+00 -6.657603383064270020e-01
-3.232055902481079102e-01 5.698239803314208984e-01 1.280111551284790039e+00
-1.774387359619140625e-01 1.444683551788330078e+00 3.087885081768035889e-01
-3.805506706237792969e+00 6.272352337837219238e-01 5.445373654365539551e-01
-3.737160205841064453e+00 1.287148118019104004e+00 -2.535370349884033203e+00
-3.065632581710815430e+00 5.617176294326782227e-01 -1.562692046165466309e+00
3.145289421081542969e-01 1.082213163375854492e+00 -3.212173581123352051e-01
-4.390261650085449219e+00 1.020869374275207520e+00 -1.244499921798706055e+00
-1.941961646080017090e+00 1.201089262962341309e+00 2.818317890167236328e+00
-1.509375095367431641e+00 1.454126715660095215e+00 2.228100776672363281e+00
-4.936637878417968750e-01 6.170349940657615662e-02 -1.485101580619812012e+00
-4.361101388931274414e-01 1.253886938095092773e+00 9.268611073493957520e-01
-3.541526794433593750e+00 1.558595061302185059e+00 -1.658970117568969727e+00
5.900508165359497070e-01 3.970468342304229736e-01 1.378261208534240723e+00
-2.290534019470214844e+00 1.095812678337097168e+00 2.991899728775024414e+00
-1.254429817199707031e-01 1.205165863037109375e+00 2.929920196533203125e+00
-1.462641716003417969e+00 6.098942756652832031e-01 -3.406069576740264893e-01
-1.305226445198059082e+00 1.481556773185729980e+00 2.808502912521362305e+00
-3.746970176696777344e+00 1.349647164344787598e+00 2.970690250396728516e+00
-1.864026308059692383e+00 6.030676960945129395e-01 -3.812029659748077393e-01
-1.619677066802978516e+00 2.770369350910186768e-01 -2.845775127410888672e+00
-4.194253921508789062e+00 1.135598897933959961e+00 -2.735787868499755859e+00
-4.204872608184814453e+00 8.603831529617309570e-01 -2.849784851074218750e+00
3.911746740341186523e-01 9.740558862686157227e-01 -3.129165887832641602e+00
-2.738357543945312500e+00 1.490955710411071777e+00 5.597887635231018066e-01
-2.992079019546508789e+00 1.260807275772094727e+00 7.263062000274658203e-01
-1.101371288299560547e+00 7.685229778289794922e-01 1.291100978851318359e+00
-3.209841251373291016e+00 8.616696596145629883e-01 8.280425667762756348e-01
-1.996526956558227539e+00 2.344831675291061401e-01 2.803983926773071289e+00
-8.816071152687072754e-01 9.388591051101684570e-01 1.995963692665100098e+00
-4.147507190704345703e+00 2.802066802978515625e-01 -1.693965673446655273e+00
1.497390151023864746e+00 8.098592758178710938e-01 1.995070099830627441e+00
1.523413777351379395e+00 1.354914426803588867e+00 -2.406938552856445312e+00
-3.532697200775146484e+00 9.536414742469787598e-01 -3.921039700508117676e-01
-1.872171163558959961e+00 5.848110318183898926e-01 2.953796625137329102e+00
-8.347427845001220703e-02 1.446282744407653809e+00 2.917459964752197266e+00
-3.574304580688476562e+00 1.428083300590515137e+00 4.904454350471496582e-01
6.248966455459594727e-01 5.503796339035034180e-01 2.325662136077880859e+00
-2.064728021621704102e+00 8.838332891464233398e-01 4.890646338462829590e-01
-1.450181961059570312e+00 7.225213646888732910e-01 7.473820447921752930e-01
-3.097106218338012695e+00 1.370956301689147949e+00 -6.322581768035888672e-01
-2.259652614593505859e+00 1.204599738121032715e+00 -1.730960607528686523e+00
-1.363010406494140625e+00 4.883778095245361328e-01 -1.125963330268859863e-01
-1.559854984283447266e+00 8.301391005516052246e-01 1.635785698890686035e+00
-4.699573993682861328e+00 9.551759958267211914e-01 -1.474382281303405762e+00
1.672161817550659180e-01 6.458425521850585938e-01 -8.402193188667297363e-01
-1.533508300781250000e-03 1.373014688491821289e+00 2.651929378509521484e+00
-3.229327201843261719e-01 1.455592036247253418e+00 2.430705070495605469e+00
2.157691717147827148e-01 1.090839862823486328e+00 1.788426518440246582e+00
1.005140662193298340e+00 1.195415735244750977e+00 -9.744442105293273926e-01
5.306280851364135742e-01 4.312637448310852051e-01 9.120604991912841797e-01
-1.678326725959777832e+00 5.044274926185607910e-01 2.636709213256835938e-01
1.291958451271057129e+00 9.697275757789611816e-01 -3.386233747005462646e-01
-2.302472591400146484e+00 1.230589270591735840e+00 1.355242133140563965e+00
-3.367687463760375977e-01 1.468668341636657715e+00 2.785806655883789062e+00
-9.644699692726135254e-01 1.209600687026977539e+00 1.287311792373657227e+00
-4.558896541595458984e+00 1.453886032104492188e+00 -1.945417165756225586e+00
1.220019698143005371e+00 1.468636274337768555e+00 -1.154784440994262695e+00
