-2.544504165649414062e+00 1.338622570037841797e-01 1.951970219612121582e+00
-3.918562412261962891e+00 8.176432549953460693e-02 -1.172128081321716309e+00
-2.200790882110595703e+00 5.551033839583396912e-02 -5.881413221359252930e-01
1.218265652656555176e+00 4.599330574274063110e-02 2.953116893768310547e+00
-4.161894321441650391e-02 7.773609459400177002e-02 -2.334090471267700195e+00
1.420451760292053223e+00 1.300404816865921021e-01 -4.395469129085540771e-01
-2.875124216079711914e+00 5.735336989164352417e-02 2.375252962112426758e+00
-2.445380449295043945e+00 1.389451324939727783e-01 1.588899612426757812e+00
-1.381411075592041016e+00 7.262553274631500244e-02 1.668267846107482910e+00
-4.137710094451904297e+00 4.715828597545623779e-02 -5.933064222335815430e-01
-1.168208122253417969e-01 1.342297494411468506e-01 -2.918718457221984863e-01
8.422468900680541992e-01 8.843064308166503906e-02 -1.168486356735229492e+00
-2.131654024124145508e+00 9.092116355895996094e-02 -2.703548908233642578e+00
-3.814833641052246094e+00 1.200333163142204285e-01 1.129334211349487305e+00
-4.302572727203369141e+00 1.134641095995903015e-01 -1.949846506118774414e+00
2.681502103805541992e-01 4.382385686039924622e-02 1.287517786026000977e+00
-2.628456592559814453e+00 7.362735271453857422e-02 -4.840582013130187988e-01
-4.121856689453125000e-01 7.489030063152313232e-02 -2.326576471328735352e+00
-2.299189090728759766e+00 6.467305868864059448e-02 1.759832143783569336e+00
1.102436423301696777e+00 6.339885294437408447e-02 -1.675918817520141602e+00
-2.270913124084472656e-01 6.389739364385604858e-02 -1.396417498588562012e+00
-3.461434125900268555e+00 1.045729070901870728e-01 2.848684787750244141e+00
-2.905799865722656250e+00 7.605863362550735474e-02 -2.841109752655029297e+00
-4.095318794250488281e+00 7.929094135761260986e-02 2.706969738006591797e+00
-2.627047061920166016e+00 4.222182184457778931e-02 1.283219575881958008e+00
1.273717999458312988e+00 8.333582431077957153e-02 1.678647279739379883e+00
-2.643471002578735352e+00 1.384795755147933960e-01 2.990901231765747070e+00
-3.434020519256591797e+00 4.049185290932655334e-02 2.549295186996459961e+00
-2.411532402038574219e-01 1.268624663352966309e-01 -2.274542808532714844e+00
1.217822432518005371e+00 1.225389167666435242e-01 -3.199437260627746582e-01
-1.038065075874328613e+00 4.646536707878112793e-02 1.656026721000671387e+00
3.133673667907714844e-01 1.009269803762435913e-01 -1.407556772232055664e+00
-1.630683422088623047e+00 1.294055432081222534e-01 -1.736100435256958008e+00
2.703832387924194336e-01 1.355743557214736938e-01 1.734176516532897949e+00
-1.193776607513427734e+00 8.246774226427078247e-02 1.906757593154907227e+00
-9.736223220825195312e-01 4.384290054440498352e-02 1.974762797355651855e+00
-2.592503547668457031e+00 1.218141093850135803e-01 -2.663987278938293457e-01
-4.446829795837402344e+00 1.106540337204933167e-01 2.640213489532470703e+00
-1.539725780487060547e+00 1.015039011836051941e-01 -1.489669550210237503e-02
9.430860280990600586e-01 1.034245789051055908e-01 -2.332586288452148438e+00
-2.276769399642944336e+00 1.283770054578781128e-01 -1.123016476631164551e-01
-2.389193534851074219e+00 5.501610785722732544e-02 4.379541277885437012e-01
-3.631928920745849609e+00 7.994294911623001099e-02 3.180186450481414795e-01
-1.826706409454345703e+00 7.419078052043914795e-02 -1.081476092338562012e+00
6.243692636489868164e-01 8.165039867162704468e-02 2.963803291320800781e+00
-2.761146545410156250e+00 1.211885660886764526e-01 5.824791193008422852e-01
-3.070923089981079102e-01 1.350450217723846436e-01 -1.003442168235778809e+00
-1.896003723144531250e+00 1.063261479139328003e-01 -1.116775751113891602e+00
-8.255777955055236816e-01 1.163339540362358093e-01 -1.391040086746215820e+00
-2.637418270111083984e+00 6.826442480087280273e-02 3.014368534088134766e+00
-2.484787225723266602e+00 1.242320463061332703e-01 7.784600853919982910e-01
-8.666956424713134766e-02 8.548640459775924683e-02 -6.369922757148742676e-01
-2.503591060638427734e+00 1.292095631361007690e-01 2.417502164840698242e+00
-1.968340873718261719e+00 1.261064708232879639e-01 2.190200328826904297e+00
-1.554646015167236328e+00 6.867215782403945923e-02 -2.081108093261718750e+00
-3.000900983810424805e+00 9.904002398252487183e-02 1.004390835762023926e+00
-1.164181232452392578e+00 9.925439208745956421e-02 -1.644248723983764648e+00
-1.876514673233032227e+00 1.200621873140335083e-01 7.838289737701416016e-01
1.458709120750427246e+00 1.031598225235939026e-01 7.533804774284362793e-01
1.127641558647155762e+00 2.701120451092720032e-02 -1.809252977371215820e+00
4.102624654769897461e-01 1.805344969034194946e-02 2.122197389602661133e+00
1.194242238998413086e-01 1.228272542357444763e-01 3.176234960556030273e-01
-1.967749595642089844e-01 6.123777851462364197e-02 -2.558332204818725586e+00
-5.784612298011779785e-01 5.754230543971061707e-02 2.518578469753265381e-01
-1.616258144378662109e+00 6.713663041591644287e-02 -4.199388325214385986e-01
-3.188943862915039062e-01 8.784831315279006958e-02 -1.444881677627563477e+00
-1.972628593444824219e+00 3.634534776210784912e-02 -8.185212500393390656e-03
6.428064107894897461e-01 3.465938568115234375e-02 2.820252895355224609e+00
-4.308121204376220703e+00 9.429471194744110107e-02 4.645647481083869934e-02
-2.829834938049316406e+00 1.039681658148765564e-01 -2.133757352828979492e+00
-4.669821739196777344e+00 4.793331772089004517e-02 2.239937782287597656e+00
-4.203844070434570312e-01 1.162980049848556519e-01 -2.771111726760864258e+00
-2.790545225143432617e+00 8.707451075315475464e-02 -1.636032819747924805e+00
4.846004247665405273e-01 6.353417783975601196e-02 -2.640528202056884766e+00
-3.408808708190917969e-01 1.040232852101325989e-01 6.535523384809494019e-02
-1.737908959388732910e+00 6.439948827028274536e-02 -2.152410268783569336e+00
-1.461600780487060547e+00 1.017506569623947144e-01 -2.576420545578002930e+00
-2.079947233200073242e+00 4.476877301931381226e-02 -2.307152509689331055e+00
-2.391465663909912109e+00 1.236621737480163574e-01 2.450284242630004883e+00
-2.494438171386718750e+00 1.285705417394638062e-01 -1.676616907119750977e+00
7.389914989471435547e-02 1.389339417219161987e-01 -2.463691711425781250e+00
-8.179870247840881348e-01 5.284440517425537109e-02 -2.198799371719360352e+00
1.797083616256713867e-01 1.233321800827980042e-01 3.020258903503417969e+00
-1.491022109985351562e-02 6.592085957527160645e-02 -3.516572117805480957e-01
-3.956820487976074219e+00 6.193890050053596497e-02 2.906268358230590820e+00
-3.987588405609130859e+00 9.824961423873901367e-02 6.953071355819702148e-01
-3.038345336914062500e+00 1.304489374160766602e-01 -2.778265714645385742e+00
-1.148569583892822266e+00 3.760938346385955811e-02 -2.324886322021484375e+00
-1.259842514991760254e+00 9.774397313594818115e-02 -2.730561256408691406e+00
7.778245210647583008e-01 3.603234142065048218e-02 3.100518941879272461e+00
-3.426924467086791992e+00 1.139212027192115784e-01 2.372198343276977539e+00
-1.081766605377197266e+00 9.295070171356201172e-02 2.396309852600097656e+00
-7.392120957374572754e-01 3.690207377076148987e-02 -3.103969573974609375e+00
3.727053403854370117e-01 1.291984617710113525e-01 1.336469888687133789e+00
1.103574156761169434e+00 5.871397256851196289e-02 7.564604282379150391e-01
-2.678178310394287109e+00 5.471393838524818420e-02 2.463491916656494141e+00
-2.870602846145629883e+00 4.928754270076751709e-02 -1.306877851486206055e+00
-5.038557052612304688e-01 1.365262269973754883e-01 -2.292848587036132812e+00
-2.599798440933227539e-01 9.575589746236801147e-02 4.821733236312866211e-01
1.169068455696105957e+00 5.798419564962387085e-02 -1.582191437482833862e-01
