-1.458871841430664062e+00 2.761608362197875977e-01 -2.907581806182861328e+00
-7.350693345069885254e-01 1.584063619375228882e-01 2.505202770233154297e+00
8.283106088638305664e-01 2.578974664211273193e-01 5.053331851959228516e-01
-4.629341602325439453e+00 2.837935388088226318e-01 -1.888365507125854492e+00
-5.962172150611877441e-01 2.608627974987030029e-01 -1.568371176719665527e+00
-1.416200637817382812e+00 2.554250061511993408e-01 9.103831648826599121e-01
1.196472287178039551e+00 2.071913778781890869e-01 -1.898655772209167480e+00
1.550064444541931152e+00 1.647420823574066162e-01 2.500677108764648438e-01
-2.366438388824462891e+00 2.563505172729492188e-01 2.838796377182006836e+00
-9.787621498107910156e-01 3.339501321315765381e-01 2.582349538803100586e+00
-3.029906272888183594e+00 2.763015925884246826e-01 -1.855860471725463867e+00
-5.212926864624023438e-02 3.265374302864074707e-01 1.558530569076538086e+00
6.571971178054809570e-01 3.263478279113769531e-01 4.561218619346618652e-01
-1.944127440452575684e+00 2.273965030908584595e-01 2.293724060058593750e+00
-2.147541046142578125e+00 2.508329451084136963e-01 -3.003056943416595459e-01
-4.333974123001098633e-01 1.659465432167053223e-01 8.097527623176574707e-01
-1.233950614929199219e+00 1.603854000568389893e-01 -1.872128725051879883e+00
-3.817655086517333984e+00 2.315944880247116089e-01 -4.800127148628234863e-01
-2.100715637207031250e+00 3.177362382411956787e-01 1.892675399780273438e+00
-1.159294724464416504e+00 2.057306021451950073e-01 -1.300848126411437988e-01
1.459987044334411621e+00 2.107745707035064697e-01 -2.251989364624023438e+00
-4.212780475616455078e+00 2.982278168201446533e-01 2.435447692871093750e+00
-1.117116928100585938e+00 2.511679530143737793e-01 -2.399463653564453125e+00
-1.897481918334960938e+00 1.748410314321517944e-01 -1.796662688255310059e+00
4.780937433242797852e-01 2.573481798171997070e-01 -2.425535678863525391e+00
-2.150189161300659180e+00 1.614968031644821167e-01 -2.924268007278442383e+00
1.319257616996765137e+00 2.243963032960891724e-01 1.205007076263427734e+00
-2.275153398513793945e-01 6.449759006500244141e-02 -2.298046588897705078e+00
-3.276596546173095703e+00 2.792892456054687500e-01 -3.100975751876831055e+00
-4.200964927673339844e+00 3.057407438755035400e-01 -2.988828420639038086e+00
-2.872800827026367188e-02 3.193611502647399902e-01 -3.067109346389770508e+00
5.897427797317504883e-01 1.883063167333602905e-01 -2.071081876754760742e+00
-4.505512714385986328e+00 2.540151774883270264e-01 -1.172726988792419434e+00
2.726352214813232422e-02 3.258976042270660400e-01 5.839774608612060547e-01
-1.784150004386901855e+00 1.504547894001007080e-01 -2.662890255451202393e-01
1.356982588768005371e+00 2.181818485260009766e-01 -9.132462739944458008e-02
6.563602685928344727e-01 1.230285018682479858e-01 -3.099936008453369141e+00
1.315672993659973145e+00 1.684770882129669189e-01 -2.569081306457519531e+00
3.424447774887084961e-01 3.065820038318634033e-01 -2.004971742630004883e+00
-3.011955976486206055e+00 1.754655987024307251e-01 -2.930438756942749023e+00
-2.061084508895874023e+00 2.682920396327972412e-01 1.059239268302917480e+00
9.967890977859497070e-01 1.882095038890838623e-01 -2.323742151260375977e+00
-1.974209785461425781e+00 2.073761522769927979e-01 -1.178406596183776855e+00
-2.314583539962768555e+00 1.982374191284179688e-01 -2.782137989997863770e-01
-1.433413028717041016e+00 3.168199360370635986e-01 2.954262018203735352e+00
-4.031844139099121094e-01 9.212904609739780426e-03 -2.248475313186645508e+00
-1.846917867660522461e+00 2.872800230979919434e-01 -9.337866902351379395e-01
-2.187023162841796875e-01 1.769779026508331299e-01 8.410319685935974121e-01
8.323510885238647461e-01 2.522170729935169220e-02 -1.644213438034057617e+00
-1.803714990615844727e+00 3.302785158157348633e-01 3.530328348278999329e-02
-4.402152538299560547e+00 3.273622095584869385e-01 -2.612359821796417236e-01
1.287152409553527832e+00 2.468737065792083740e-01 2.665792703628540039e+00
-1.268193244934082031e+00 2.835230827331542969e-01 -1.820180654525756836e+00
1.134866595268249512e+00 2.245066463947296143e-01 2.253628969192504883e+00
1.046330094337463379e+00 2.975084483623504639e-01 -9.095628857612609863e-01
-4.655956268310546875e+00 2.593145370483398438e-01 -7.031844258308410645e-01
-4.363532066345214844e+00 1.984382867813110352e-01 1.230788111686706543e+00
-3.670583248138427734e+00 1.144516542553901672e-01 1.524705767631530762e+00
-1.659490108489990234e+00 2.196589559316635132e-01 2.221844673156738281e+00
-2.642323493957519531e+00 2.583135962486267090e-01 -1.487831950187683105e+00
-4.699708223342895508e-01 2.697810232639312744e-01 4.618046805262565613e-02
1.440320611000061035e+00 8.264844119548797607e-02 2.522832632064819336e+00
2.546706199645996094e-01 3.131977915763854980e-01 1.740697503089904785e+00
-3.085878133773803711e+00 3.424183130264282227e-01 -1.386335134506225586e+00
-4.511809349060058594e-01 1.834439337253570557e-01 1.628213524818420410e+00
-3.900847911834716797e+00 3.468791544437408447e-01 3.057858467102050781e+00
3.515040874481201172e-02 2.591285109519958496e-01 1.897480726242065430e+00
-4.026743888854980469e+00 2.165284305810928345e-01 2.909395456314086914e+00
4.506489038467407227e-01 1.406102031469345093e-01 6.326735019683837891e-02
-1.701004266738891602e+00 3.434159755706787109e-01 1.447214245796203613e+00
-2.972928047180175781e+00 3.254471421241760254e-01 2.144607782363891602e+00
-3.981446266174316406e+00 1.893567293882369995e-01 2.209312915802001953e+00
1.222952008247375488e+00 1.364710330963134766e-01 2.671748638153076172e+00
-3.038660287857055664e+00 2.554070949554443359e-01 1.929652333259582520e+00
2.633599042892456055e-01 2.988418638706207275e-01 -2.308930873870849609e+00
-1.252874374389648438e+00 1.253354400396347046e-01 -1.613904714584350586e+00
-4.271198511123657227e-01 3.246752023696899414e-01 -3.119837284088134766e+00
4.364887475967407227e-01 2.766889333724975586e-01 1.183719038963317871e+00
-1.450594902038574219e+00 3.098073005676269531e-01 1.782834053039550781e+00
7.081712484359741211e-01 2.678685486316680908e-01 2.993835508823394775e-01
-1.280169486999511719e+00 1.180356815457344055e-01 -2.652167320251464844e+00
1.022013306617736816e+00 2.756072282791137695e-01 2.898279905319213867e+00
-9.572578072547912598e-01 9.585309773683547974e-02 -1.278706312179565430e+00
-1.495011806488037109e+00 1.314213424921035767e-01 -9.105126857757568359e-01
-4.340177774429321289e-01 2.440939247608184814e-01 -1.069273352622985840e+00
-1.415687084197998047e+00 1.449431926012039185e-01 -6.937153935432434082e-01
-8.240222930908203125e-03 3.232915699481964111e-01 -2.708295822143554688e+00
-2.305304288864135742e+00 1.713939011096954346e-01 1.714751958847045898e+00
1.048264145851135254e+00 3.135195374488830566e-01 -1.523693919181823730e+00
-1.724359989166259766e+00 3.330108821392059326e-01 5.113485455513000488e-01
1.492976546287536621e+00 2.811972796916961670e-01 7.968060970306396484e-01
-3.083168983459472656e+00 1.827131956815719604e-01 1.492482781410217285e+00
1.311974406242370605e+00 1.074746996164321899e-01 -2.093404054641723633e+00
-4.399166107177734375e-01 2.522229254245758057e-01 2.581398785114288330e-01
2.587354183197021484e-02 2.318519502878189087e-01 1.434730052947998047e+00
-2.809925556182861328e+00 1.071942821145057678e-01 2.798652887344360352e+00
-5.441164970397949219e-01 3.393922746181488037e-01 -6.460245251655578613e-01
6.236554384231567383e-01 3.483565747737884521e-01 2.346826553344726562e+00
-4.579811573028564453e+00 2.987580299377441406e-01 -2.047546505928039551e-01
-2.333895206451416016e+00 2.634378075599670410e-01 -1.577828168869018555e+00
