9.165495634078979492e-01 1.992222517728805542e-01 -1.909705877304077148e+00
-1.886300921440124512e+00 6.212406754493713379e-01 6.079361438751220703e-01
-3.171575784683227539e+00 7.783856987953186035e-01 -6.454089283943176270e-01
-3.529958248138427734e+00 6.004520654678344727e-01 -1.988620996475219727e+00
-4.100997447967529297e+00 7.445679306983947754e-01 2.457468748092651367e+00
-1.135120868682861328e+00 2.824771404266357422e-01 -2.345374345779418945e+00
-3.382444381713867188e-02 7.194552421569824219e-01 -3.073698043823242188e+00
-1.815620183944702148e+00 6.014806628227233887e-01 -1.087731122970581055e+00
-4.022258758544921875e+00 5.131251215934753418e-01 2.056350469589233398e+00
1.220309734344482422e-02 4.073725938796997070e-01 9.700687527656555176e-01
-7.813167572021484375e-01 4.368980228900909424e-01 2.933319330215454102e+00
-1.998480081558227539e+00 7.709473967552185059e-01 2.405231714248657227e+00
1.365816712379455566e+00 2.597038447856903076e-01 -2.165307044982910156e+00
-4.198030948638916016e+00 6.536560058593750000e-01 -1.313773512840270996e+00
-2.213865518569946289e-01 1.158956214785575867e-01 2.841157674789428711e+00
2.804468870162963867e-01 8.705702424049377441e-01 3.017363548278808594e+00
-2.457725763320922852e+00 5.918642282485961914e-01 -3.271296620368957520e-01
-1.444776535034179688e+00 7.630468606948852539e-01 -6.352255940437316895e-01
-1.052351474761962891e+00 6.623514294624328613e-01 2.356585979461669922e+00
-4.644658088684082031e+00 8.148517608642578125e-01 -4.808195233345031738e-01
-4.004586696624755859e+00 6.984247565269470215e-01 -1.412706255912780762e+00
-1.423974990844726562e+00 8.035621047019958496e-01 -1.944816470146179199e+00
1.525534391403198242e-01 8.687677383422851562e-01 2.119012594223022461e+00
1.086156964302062988e+00 2.277478724718093872e-01 -1.308259725570678711e+00
-1.473032474517822266e+00 7.809555530548095703e-01 -2.816317677497863770e-01
-3.265110254287719727e-01 3.099190890789031982e-01 7.089729905128479004e-01
1.961282491683959961e-01 5.127947926521301270e-01 2.999125480651855469e+00
-6.615619659423828125e-01 4.812141358852386475e-01 2.034126281738281250e+00
-2.848238468170166016e+00 6.092941761016845703e-01 6.565460562705993652e-01
1.254951596260070801e+00 5.596644282341003418e-01 -2.268933534622192383e+00
-4.485796928405761719e+00 5.507426261901855469e-01 1.420583844184875488e+00
3.515261411666870117e-01 8.393443822860717773e-01 2.742685794830322266e+00
-7.475581765174865723e-01 6.724969744682312012e-01 -3.116735696792602539e+00
-4.033757686614990234e+00 1.342546939849853516e-01 2.004305601119995117e+00
1.223108887672424316e+00 8.383033871650695801e-01 -1.267848730087280273e+00
-3.999974250793457031e+00 8.541520833969116211e-01 4.364152848720550537e-01
-2.125671863555908203e+00 7.074366211891174316e-01 1.331354975700378418e+00
-4.149929285049438477e-01 5.613750815391540527e-01 2.683315515518188477e+00
-3.738736152648925781e+00 7.000527977943420410e-01 2.001668453216552734e+00
6.583472490310668945e-01 6.878204941749572754e-01 -1.406763792037963867e+00
-3.669593334197998047e+00 8.720833063125610352e-01 -3.007211923599243164e+00
1.467916131019592285e+00 1.694157570600509644e-01 3.099572420120239258e+00
-3.380627155303955078e+00 3.436478078365325928e-01 1.937089323997497559e+00
-4.602905511856079102e-01 8.166465163230895996e-01 -2.267831325531005859e+00
-1.037757396697998047e+00 4.264118075370788574e-01 -2.204730033874511719e+00
-7.949710488319396973e-01 6.322960257530212402e-01 -8.325541615486145020e-01
-1.653394222259521484e+00 5.248342752456665039e-01 -3.069502115249633789e+00
1.301292538642883301e+00 1.019277200102806091e-01 -1.488450169563293457e-01
-3.038436412811279297e+00 2.328836619853973389e-01 2.269163608551025391e+00
-1.808193445205688477e+00 6.018576622009277344e-01 1.300441265106201172e+00
1.206291794776916504e+00 6.430680304765701294e-02 -1.512045741081237793e+00
-2.987212657928466797e+00 8.423210978507995605e-01 2.131547927856445312e+00
1.156877279281616211e-01 5.987132191658020020e-01 -2.603957653045654297e+00
1.785353422164916992e-01 8.198169469833374023e-01 5.607658028602600098e-01
-3.669883728027343750e+00 6.950477361679077148e-01 -8.741839528083801270e-01
-2.667278289794921875e+00 5.990192294120788574e-01 4.309189915657043457e-01
-2.679544687271118164e+00 6.463993191719055176e-01 2.664453983306884766e+00
-2.381459474563598633e+00 6.006761193275451660e-01 -1.265951871871948242e+00
-5.692572593688964844e-01 4.160985350608825684e-01 -1.338685870170593262e+00
-3.693125247955322266e+00 1.524090319871902466e-01 1.775865912437438965e+00
-1.078655719757080078e+00 2.816685438156127930e-01 1.448508620262145996e+00
-3.042451143264770508e-01 6.165747642517089844e-01 1.820198178291320801e+00
-2.894968271255493164e+00 4.859011769294738770e-01 -1.633234262466430664e+00
-2.198499441146850586e+00 8.030083179473876953e-01 1.102623715996742249e-01
-4.141718387603759766e+00 7.697063088417053223e-01 -4.759262204170227051e-01
-4.472393989562988281e+00 3.065283000469207764e-01 2.325152873992919922e+00
2.992696762084960938e-01 7.541325092315673828e-01 1.516383171081542969e+00
-3.593021392822265625e+00 8.416721820831298828e-01 1.431557297706604004e+00
-2.653033733367919922e+00 5.406548380851745605e-01 1.290249824523925781e+00
-3.396034240722656250e-03 7.496970891952514648e-01 -1.306200861930847168e+00
-4.352676868438720703e+00 6.541447639465332031e-01 -2.905332088470458984e+00
-1.297252655029296875e+00 7.413137555122375488e-01 1.501951813697814941e+00
-9.627805352210998535e-01 6.290724873542785645e-01 1.487646996974945068e-01
-3.804203033447265625e+00 6.297132372856140137e-01 -1.270157575607299805e+00
-3.586817979812622070e-01 8.309790492057800293e-01 -1.224083781242370605e+00
-1.484023571014404297e+00 3.643923699855804443e-01 -1.522730588912963867e+00
-1.220374584197998047e+00 5.741731524467468262e-01 2.005062103271484375e+00
-1.646823167800903320e+00 3.152785003185272217e-01 4.594257473945617676e-01
1.159499049186706543e+00 8.362543582916259766e-01 2.343240022659301758e+00
-6.745042800903320312e-01 5.763290524482727051e-01 1.206148266792297363e+00
9.124528169631958008e-01 5.706092715263366699e-01 5.519147962331771851e-02
-3.273412704467773438e+00 6.190784573554992676e-01 1.080449074506759644e-01
-2.202903985977172852e+00 4.162049889564514160e-01 2.526741981506347656e+00
-3.101441860198974609e+00 7.555066943168640137e-01 -2.476782798767089844e+00
-2.512987613677978516e+00 4.227955341339111328e-01 2.495660305023193359e+00
8.222345113754272461e-01 4.831676185131072998e-01 -1.431967020034790039e+00
-3.741401672363281250e+00 8.346853256225585938e-01 -2.753300905227661133e+00
7.412773370742797852e-01 6.235927343368530273e-01 1.162529662251472473e-01
-2.657864093780517578e+00 3.765979409217834473e-01 -1.514983057975769043e+00
9.220682382583618164e-01 8.333331346511840820e-01 -1.818279981613159180e+00
-2.458267927169799805e+00 8.690865039825439453e-01 -7.894021272659301758e-02
-3.351317882537841797e+00 7.681709527969360352e-01 1.889873027801513672e+00
-2.990108966827392578e+00 5.069781541824340820e-01 -1.768647432327270508e+00
-4.065306186676025391e+00 8.044232130050659180e-01 6.186267733573913574e-01
7.489339113235473633e-01 5.799086689949035645e-01 1.759426593780517578e+00
-8.729004859924316406e-01 8.639999032020568848e-01 1.887047439813613892e-01
-2.249485015869140625e+00 3.247570395469665527e-01 -1.434031248092651367e+00
-1.704995751380920410e+00 7.696300745010375977e-01 7.873448729515075684e-01
-2.453939914703369141e+00 5.384200811386108398e-01 -1.767957806587219238e-01
-2.832007646560668945e+00 8.858439326286315918e-02 2.166305929422378540e-01
