filename x y z t0 t1 t2 t3 t4 t5 t6 t7 t8 t9
reciever10.sac 110 0 50 3.96605e-07 6.48276e-07 9.1106e-07 1.66737e-06 2.51525e-06 3.39411e-06 -12345 -12345 -12345 -12345
reciever11.sac 120 0 50 4.29699e-07 7.05999e-07 9.68369e-07 1.68858e-06 2.53194e-06 3.40404e-06 -12345 -12345 -12345 -12345
reciever12.sac 130 0 50 4.67306e-07 7.63315e-07 1.01495e-06 1.71686e-06 2.54827e-06 3.41475e-06 -12345 -12345 -12345 -12345
reciever13.sac 140 0 50 5.00577e-07 8.28142e-07 1.05983e-06 1.74151e-06 2.56446e-06 3.42566e-06 -12345 -12345 -12345 -12345
reciever14.sac 150 0 50 5.33385e-07 8.9297e-07 1.10288e-06 1.77109e-06 2.5848e-06 3.44329e-06 -12345 -12345 -12345 -12345
reciever15.sac 160 0 50 5.67118e-07 9.60113e-07 1.15143e-06 1.80067e-06 2.60425e-06 3.45673e-06 -12345 -12345 -12345 -12345
reciever16.sac 170 0 50 6.00388e-07 1.01568e-06 1.19997e-06 1.82827e-06 2.62724e-06 3.4752e-06 -12345 -12345 -12345 -12345
reciever17.sac 180 0 50 6.33659e-07 1.07009e-06 1.24852e-06 1.85785e-06 2.64757e-06 3.49115e-06 -12345 -12345 -12345 -12345
reciever18.sac 190 0 50 6.70626e-07 1.13955e-06 1.30714e-06 1.89038e-06 2.67586e-06 3.51046e-06 -12345 -12345 -12345 -12345
reciever19.sac 200 0 50 7.01586e-07 1.18122e-06 1.35934e-06 1.91996e-06 2.7015e-06 3.52893e-06 -12345 -12345 -12345 -12345
reciever1.sac 20 0 50 9.11859e-08 -12345 7.03448e-07 1.55508e-06 2.4391e-06 3.34021e-06 -12345 -12345 -12345 -12345
reciever20.sac 210 0 50 7.35319e-07 1.2391e-06 1.41064e-06 1.95151e-06 2.72626e-06 3.5516e-06 -12345 -12345 -12345 -12345
reciever21.sac 220 0 50 7.69976e-07 1.31319e-06 1.46285e-06 1.97418e-06 2.75367e-06 3.57259e-06 4.47156e-06 -12345 -12345 -12345
reciever22.sac 230 0 50 8.04519e-07 1.38355e-06 1.51771e-06 2.01186e-06 2.78016e-06 3.58571e-06 4.48575e-06 -12345 -12345 -12345
reciever23.sac 240 0 50 8.37289e-07 1.43885e-06 1.57505e-06 2.04876e-06 2.81245e-06 3.61184e-06 4.50419e-06 -12345 -12345 -12345
reciever24.sac 250 0 50 8.70059e-07 1.51054e-06 1.6283e-06 2.14375e-06 2.83935e-06 3.63495e-06 4.51979e-06 -12345 -12345 -12345
reciever25.sac 260 0 50 9.03853e-07 1.56584e-06 1.6836e-06 2.17788e-06 2.87074e-06 3.66108e-06 4.54106e-06 -12345 -12345 -12345
reciever26.sac 270 0 50 9.39695e-07 1.61704e-06 1.73788e-06 2.21292e-06 2.90034e-06 3.68822e-06 4.55667e-06 -12345 -12345 -12345
reciever27.sac 280 0 50 9.73489e-07 1.68463e-06 1.79113e-06 2.24336e-06 2.92904e-06 3.71033e-06 4.57511e-06 -12345 -12345 -12345
reciever28.sac 290 0 50 1.00831e-06 1.74402e-06 1.84541e-06 2.28302e-06 2.95863e-06 3.73947e-06 4.60064e-06 -12345 -12345 -12345
reciever29.sac 300 0 50 1.04313e-06 1.80752e-06 1.90787e-06 2.3236e-06 2.9954e-06 3.7656e-06 4.62191e-06 -12345 -12345 -12345
reciever2.sac 30 0 50 1.24923e-07 2.00347e-07 7.09936e-07 1.55596e-06 2.44327e-06 3.34305e-06 -12345 -12345 -12345 -12345
reciever30.sac 310 0 50 1.07385e-06 1.86589e-06 1.96522e-06 2.37525e-06 3.0241e-06 3.79675e-06 4.64886e-06 -12345 -12345 -12345
reciever31.sac 320 0 50 1.10457e-06 1.9304e-06 2.02257e-06 2.42597e-06 3.13712e-06 3.82489e-06 4.66947e-06 -12345 -12345 -12345
reciever32.sac 330 0 50 1.13866e-06 1.99115e-06 2.07596e-06 2.47127e-06 3.16775e-06 3.84957e-06 4.69138e-06 -12345 -12345 -12345
reciever33.sac 340 0 50 1.17438e-06 2.04433e-06 2.13346e-06 2.50721e-06 3.19073e-06 3.88105e-06 4.71954e-06 -12345 -12345 -12345
reciever34.sac 350 0 50 1.21084e-06 2.11621e-06 2.19815e-06 2.5604e-06 3.22792e-06 3.91569e-06 4.74771e-06 -12345 -12345 -12345
reciever35.sac 360 0 50 1.24359e-06 2.18377e-06 2.25565e-06 2.61934e-06 3.26184e-06 3.94612e-06 4.77379e-06 -12345 -12345 -12345
reciever36.sac 370 0 50 1.27633e-06 2.22977e-06 2.31315e-06 2.66965e-06 3.29575e-06 3.97656e-06 4.79987e-06 -12345 -12345 -12345
reciever37.sac 380 0 50 1.3128e-06 2.29159e-06 2.37352e-06 2.7214e-06 3.32639e-06 4.00594e-06 4.82803e-06 -12345 -12345 -12345
reciever38.sac 390 0 50 1.34257e-06 2.3649e-06 2.42959e-06 2.77171e-06 3.3603e-06 4.03953e-06 4.85724e-06 -12345 -12345 -12345
reciever39.sac 400 0 50 1.37829e-06 2.41521e-06 2.48852e-06 2.82346e-06 3.3975e-06 4.07521e-06 4.88436e-06 -12345 -12345 -12345
reciever3.sac 40 0 50 1.60326e-07 2.43447e-07 7.23993e-07 1.56657e-06 2.44953e-06 3.34589e-06 -12345 -12345 -12345 -12345
reciever40.sac 410 0 50 1.41252e-06 2.48565e-06 2.55177e-06 2.88959e-06 3.43579e-06 4.12349e-06 4.91148e-06 -12345 -12345 -12345
reciever41.sac 420 0 50 1.44899e-06 2.53165e-06 2.61359e-06 2.93415e-06 3.46751e-06 4.16442e-06 4.9428e-06 -12345 -12345 -12345
reciever42.sac 430 0 50 1.48232e-06 2.58042e-06 2.6704e-06 2.95186e-06 3.50665e-06 4.18513e-06 4.97257e-06 -12345 -12345 -12345
reciever43.sac 440 0 50 1.51529e-06 2.64645e-06 2.72176e-06 3.00117e-06 3.54576e-06 4.21772e-06 5.00358e-06 -12345 -12345 -12345
reciever44.sac 450 0 50 1.5493e-06 2.70587e-06 2.7834e-06 3.05048e-06 3.59306e-06 4.24915e-06 5.03635e-06 -12345 -12345 -12345
reciever45.sac 460 0 50 1.57712e-06 2.77629e-06 2.84503e-06 3.10595e-06 3.64945e-06 4.27941e-06 5.07264e-06 -12345 -12345 -12345
reciever46.sac 470 0 50 1.61318e-06 2.82031e-06 2.90256e-06 3.16348e-06 3.6922e-06 4.30968e-06 5.10541e-06 -12345 -12345 -12345
reciever47.sac 480 0 50 1.63792e-06 2.90614e-06 2.96419e-06 3.22306e-06 3.74132e-06 4.34925e-06 5.14286e-06 -12345 -12345 -12345
reciever48.sac 490 0 50 1.67707e-06 2.96336e-06 3.01761e-06 3.27853e-06 3.78134e-06 4.38068e-06 5.1768e-06 -12345 -12345 -12345
reciever49.sac 500 0 50 1.69871e-06 3.02718e-06 3.07719e-06 3.32989e-06 3.83137e-06 4.4156e-06 5.21249e-06 -12345 -12345 -12345
reciever4.sac 50 0 50 1.95729e-07 2.96552e-07 7.43457e-07 1.57365e-06 2.45579e-06 3.34731e-06 -12345 -12345 -12345 -12345
reciever50.sac 510 0 50 1.75951e-06 3.0822e-06 3.14293e-06 3.38742e-06 3.88594e-06 4.45983e-06 5.2476e-06 -12345 -12345 -12345
reciever51.sac 520 0 50 1.79042e-06 3.14602e-06 3.20046e-06 3.447e-06 3.93961e-06 4.54265e-06 5.29442e-06 -12345 -12345 -12345
reciever52.sac 530 0 50 1.80011e-06 3.18416e-06 3.26173e-06 3.50305e-06 3.98053e-06 4.57257e-06 5.33852e-06 -12345 -12345 -12345
reciever53.sac 540 0 50 1.84163e-06 3.2376e-06 3.32551e-06 3.55304e-06 4.04258e-06 4.61372e-06 5.3781e-06 -12345 -12345 -12345
reciever54.sac 550 0 50 1.88229e-06 3.29103e-06 3.37894e-06 3.60648e-06 4.09602e-06 4.65299e-06 5.4169e-06 -12345 -12345 -12345
reciever55.sac 560 0 50 1.91603e-06 3.35309e-06 3.43583e-06 3.66853e-06 4.13566e-06 4.65486e-06 5.45647e-06 -12345 -12345 -12345
reciever56.sac 570 0 50 1.95063e-06 3.41342e-06 3.50478e-06 3.73058e-06 4.19255e-06 4.7334e-06 5.4976e-06 -12345 -12345 -12345
reciever5.sac 60 0 50 2.28824e-07 3.52735e-07 7.64002e-07 1.58337e-06 2.45996e-06 3.35156e-06 -12345 -12345 -12345 -12345
reciever6.sac 70 0 50 2.60379e-07 4.0661e-07 7.89953e-07 1.59487e-06 2.46831e-06 3.35723e-06 -12345 -12345 -12345 -12345
reciever7.sac 80 0 50 2.97322e-07 4.87422e-07 8.16986e-07 1.61078e-06 2.47874e-06 3.36291e-06 -12345 -12345 -12345 -12345
reciever8.sac 90 0 50 3.28107e-07 5.25904e-07 8.44018e-07 1.63023e-06 2.4923e-06 3.37567e-06 -12345 -12345 -12345 -12345
reciever9.sac 100 0 50 3.61971e-07 5.9671e-07 8.75376e-07 1.64703e-06 2.50378e-06 3.3856e-06 -12345 -12345 -12345 -12345
