0.000000000000000000e+00
0.000000000000000000e+00
0.000000000000000000e+00
0.000000000000000000e+00
0.000000000000000000e+00
0.000000000000000000e+00
0.000000000000000000e+00
0.000000000000000000e+00
0.000000000000000000e+00
0.000000000000000000e+00
0.000000000000000000e+00
0.000000000000000000e+00
0.000000000000000000e+00
0.000000000000000000e+00
0.000000000000000000e+00
0.000000000000000000e+00
0.000000000000000000e+00
0.000000000000000000e+00
0.000000000000000000e+00
0.000000000000000000e+00
0.000000000000000000e+00
0.000000000000000000e+00
0.000000000000000000e+00
0.000000000000000000e+00
0.000000000000000000e+00
0.000000000000000000e+00
0.000000000000000000e+00
0.000000000000000000e+00
0.000000000000000000e+00
0.000000000000000000e+00
0.000000000000000000e+00
0.000000000000000000e+00
0.000000000000000000e+00
0.000000000000000000e+00
0.000000000000000000e+00
0.000000000000000000e+00
0.000000000000000000e+00
0.000000000000000000e+00
0.000000000000000000e+00
0.000000000000000000e+00
0.000000000000000000e+00
0.000000000000000000e+00
0.000000000000000000e+00
0.000000000000000000e+00
0.000000000000000000e+00
0.000000000000000000e+00
0.000000000000000000e+00
0.000000000000000000e+00
0.000000000000000000e+00
0.000000000000000000e+00
0.000000000000000000e+00
0.000000000000000000e+00
0.000000000000000000e+00
0.000000000000000000e+00
0.000000000000000000e+00
0.000000000000000000e+00
0.000000000000000000e+00
0.000000000000000000e+00
0.000000000000000000e+00
0.000000000000000000e+00
0.000000000000000000e+00
0.000000000000000000e+00
0.000000000000000000e+00
0.000000000000000000e+00
0.000000000000000000e+00
0.000000000000000000e+00
0.000000000000000000e+00
0.000000000000000000e+00
0.000000000000000000e+00
0.000000000000000000e+00
0.000000000000000000e+00
0.000000000000000000e+00
0.000000000000000000e+00
0.000000000000000000e+00
0.000000000000000000e+00
0.000000000000000000e+00
0.000000000000000000e+00
0.000000000000000000e+00
0.000000000000000000e+00
0.000000000000000000e+00
0.000000000000000000e+00
0.000000000000000000e+00
0.000000000000000000e+00
0.000000000000000000e+00
0.000000000000000000e+00
0.000000000000000000e+00
0.000000000000000000e+00
0.000000000000000000e+00
0.000000000000000000e+00
1.401298464324817071e-45
5.605193857299268284e-45
2.662467082217152435e-44
1.149064740746349998e-43
4.890531640493611578e-43
2.029080176342335119e-42
8.191990822442880597e-42
3.224247636564971598e-41
1.236575829843434824e-40
4.614223609298044147e-40
1.668870800893783591e-39
5.803916196420563567e-39
1.908656089564421152e-38
5.715669986149093942e-38
1.402082630945453239e-37
1.555830295854243518e-37
-1.221227800127255114e-36
-1.316262238713623134e-35
-8.907277448875930270e-35
-5.121569652637684768e-34
-2.692461178021810686e-33
-1.331631445085371785e-32
-6.281467415843567544e-32
-2.847274658299029375e-31
-1.245771233566423934e-30
-5.276630512027614161e-30
-2.168068991278090133e-29
-8.654710280313333700e-29
-3.360640141620083927e-28
-1.270631221548009441e-27
-4.681906420670215673e-27
-1.682543706190407717e-26
-5.901376603618640933e-26
-2.021444113455747995e-25
-6.766273469563093691e-25
-2.214409080463186576e-24
-7.089462189645929476e-24
-2.221415111934635426e-23
-6.815686908083710019e-23
-2.048543281194725260e-22
-6.034187652830220696e-22
-1.742627616475928889e-21
-4.935921616629596171e-21
-1.371727988522177438e-20
-3.741580571764854847e-20
-1.002014670044972007e-19
-2.635501604652339569e-19
-6.810126801348675129e-19
-1.729325812287168881e-18
-4.316680490506458637e-18
-1.059476503205375607e-17
-2.557485455133699006e-17
-6.073279833117026867e-17
-1.419139910955740129e-16
-3.263762470767444471e-16
-7.389229028831225798e-16
-1.647249007085316210e-15
-3.616494412695802491e-15
-7.821147328141309779e-15
-1.666440423153670025e-14
-3.498852208937315578e-14
-7.240270259419381849e-14
-1.476902367764099111e-13
-2.970219285369085638e-13
-5.890260609993369645e-13
-1.152012513161437823e-12
-2.222398263682090480e-12
-4.229528619698053049e-12
-7.941982141379533289e-12
-1.471609639702720074e-11
-2.691170376822871191e-11
-4.857707985861381417e-11
-8.656025896058849867e-11
-1.522848236401586064e-10
-2.645443586413165349e-10
-4.538328324255047619e-10
-7.689525127752006028e-10
-1.286942552525260908e-09
-2.127765297288419788e-09
-3.475692400556340544e-09
-5.609955611163286449e-09
-8.947970364658885956e-09
-1.410531247358903784e-08
-2.197754334076762461e-08
-3.384996816180319001e-08
-5.154229398840470822e-08
-7.759580000765708974e-08
-1.155109785599961469e-07
-1.700431226936416351e-07
-2.475621272424177732e-07
-3.564800294952874538e-07
-5.077455398350139149e-07
-7.153981869123526849e-07
-9.971662393581937067e-07
-1.375079250465205405e-06
-1.876052692750818096e-06
-2.532380904085584916e-06
-3.382055638212477788e-06
-4.468797214940423146e-06
-5.841660822625271976e-06
-7.554048806923674420e-06
-9.661925105319824070e-06
-1.222101218445459381e-05
-1.528269967820961028e-05
-1.888842234620824456e-05
-2.306220630998723209e-05
-2.780117029033135623e-05
-3.306372673250734806e-05
-3.875540278386324644e-05
-4.471221473067998886e-05
-5.068178506917320192e-05
-5.630251689581200480e-05
-6.108145316829904914e-05
-6.437170668505132198e-05
-6.535068678203970194e-05
-6.300073437159880996e-05
-5.609405707218684256e-05
-4.318416904425248504e-05
-2.260633118567056954e-05
7.510452178394189104e-06
4.921732033835723996e-05
1.047029800247400999e-04
1.762327301548793912e-04
2.660679165273904800e-04
3.763654094655066729e-04
5.090580671094357967e-04
6.657182821072638035e-04
8.474088390357792377e-04
1.054525957442820072e-03
1.286642276681959629e-03
1.542358193546533585e-03
1.819171011447906494e-03
2.113373717293143272e-03
2.419993048533797264e-03
2.732779597863554955e-03
3.044255776330828667e-03
3.345831995829939842e-03
3.627995029091835022e-03
3.880567615851759911e-03
4.093035589903593063e-03
4.254935774952173233e-03
4.356290213763713837e-03
4.388067871332168579e-03
4.342650994658470154e-03
4.214287269860506058e-03
3.999489359557628632e-03
3.697369014844298363e-03
3.309868508949875832e-03
2.841875189915299416e-03
2.301200991496443748e-03
1.698417472653090954e-03
1.046544755809009075e-03
3.606034151744097471e-04
-3.429546486586332321e-04
-1.046912977471947670e-03
-1.734020886942744255e-03
-2.387751825153827667e-03
-2.993048168718814850e-03
-3.537011099979281425e-03
-4.009498283267021179e-03
-4.403593484312295914e-03
-4.715920891612768173e-03
-4.946785047650337219e-03
-5.100131966173648834e-03
-5.183327011764049530e-03
-5.206767469644546509e-03
-5.183346103876829147e-03
-5.127799697220325470e-03
-5.055973306298255920e-03
-4.984037019312381744e-03
-4.927695263177156448e-03
-4.901422187685966492e-03
-4.917757119983434677e-03
-4.986686632037162781e-03
-5.115132313221693039e-03
-5.306562408804893494e-03
-5.560734774917364120e-03
-5.873569753021001816e-03
-6.237161345779895782e-03
-6.639913190156221390e-03
-7.066796999424695969e-03
-7.499726954847574234e-03
-7.918041199445724487e-03
-8.299084380269050598e-03
-8.618875406682491302e-03
-8.852870203554630280e-03
-8.976781740784645081e-03
-8.967469446361064911e-03
-8.803867734968662262e-03
-8.467922918498516083e-03
-7.945531979203224182e-03
-7.227424532175064087e-03
-6.309973075985908508e-03
-5.195863544940948486e-03
-3.894602647051215172e-03
-2.422808669507503510e-03
-8.042426197789609432e-04
9.304437553510069847e-04
2.744274912402033806e-03
4.594836384057998657e-03
6.435472983866930008e-03
8.216775022447109222e-03
9.888304397463798523e-03
1.140050496906042099e-02
1.270671281963586807e-02
1.376517396420240402e-02
1.454096846282482147e-02
1.500774361193180084e-02
1.514913327991962433e-02
1.495979912579059601e-02
1.444599218666553497e-02
1.362559478729963303e-02
1.252760831266641617e-02
1.119109429419040680e-02
9.663605131208896637e-03
7.999163120985031128e-03
6.255900952965021133e-03
4.493468906730413437e-03
2.770359395071864128e-03
1.141292741522192955e-03
-3.451907541602849960e-04
-1.648787991143763065e-03
-2.739027608186006546e-03
-3.596309339627623558e-03
-4.212336149066686630e-03
-4.589917603880167007e-03
-4.742179065942764282e-03
-4.691228270530700684e-03
-4.466388840228319168e-03
-4.102113191038370132e-03
-3.635734086856245995e-03
-3.105185925960540771e-03
-2.546860370784997940e-03
-1.993717858567833900e-03
-1.473766868002712727e-03
-1.008989522233605385e-03
-6.147518870420753956e-04
-2.997048140969127417e-04
-6.613989535253494978e-05
8.926255395635962486e-05
1.743852189974859357e-04
2.004310808843001723e-04
1.805997599149122834e-04
1.287927734665572643e-04
5.844541010446846485e-05
-1.843635072873439640e-05
-9.198097541229799390e-05
-1.548723375890403986e-04
-2.024881250690668821e-04
-2.327819820493459702e-04
-2.459555689711123705e-04
-2.439805102767422795e-04
-2.300371852470561862e-04
-2.079361147480085492e-04
-1.815816067392006516e-04
-1.545244158478453755e-04
-1.296351547352969646e-04
-1.089132274501025677e-04
-9.342917473986744881e-05
-8.338472980540245771e-05
-7.826383807696402073e-05
-7.704187009949237108e-05
-7.841837214073166251e-05
-8.104118751361966133e-05
-8.369598072022199631e-05
-8.544288721168413758e-05
-8.569196506869047880e-05
-8.421757229370996356e-05
-8.112013165373355150e-05
-7.674902735743671656e-05
-7.160371751524507999e-05
-6.623043009312823415e-05
-6.112985283834859729e-05
-5.668743688147515059e-05
-5.313284418662078679e-05
-5.052996857557445765e-05
-4.879423067905008793e-05
-4.773026375914923847e-05
-4.708097549155354500e-05
-4.657868339563719928e-05
-4.598990926751866937e-05
-4.514777538133785129e-05
-4.396857548272237182e-05
-4.245228046784177423e-05
-4.066911787958815694e-05
-3.873644891427829862e-05
-3.679107612697407603e-05
-3.496215140330605209e-05
-3.334912616992369294e-05
-3.200781429768539965e-05
-3.094579005846753716e-05
-3.012680826941505075e-05
-2.948231849586591125e-05
-2.892722477554343641e-05
-2.837659667420666665e-05
-2.776027395157143474e-05
-2.703298196138348430e-05
-2.617868995002936572e-05
-2.520907401049043983e-05
-2.415710696368478239e-05
-2.306753594893962145e-05
-2.198641232098452747e-05
-2.095176569127943367e-05
-1.998702646233141422e-05
-1.909813909151125699e-05
-1.827442974899895489e-05
-1.749268994899466634e-05
-1.672332837188150734e-05
-1.593733031768351793e-05
-1.511275058874161914e-05
-1.423979665560182184e-05
-1.332395368081051856e-05
-1.238704498973675072e-05
-1.146654722106177360e-05
-1.061374950950266793e-05
-9.891542504192329943e-06
-9.372619388159364462e-06
-9.138770110439509153e-06
-9.281709026254247874e-06
-9.905577826430089772e-06
-1.113091457227710634e-05
-1.309954859607387334e-05
-1.597968548594508320e-05
-1.997035542444791645e-05
-2.530446363380178809e-05
-3.224997271900065243e-05
-4.110901136300526559e-05
-5.221504397923126817e-05
-6.592852150788530707e-05
-8.263134077424183488e-05
-1.027204998536035419e-04
-1.266009639948606491e-04
-1.546775602037087083e-04
-1.873453002190217376e-04
-2.249778190162032843e-04
-2.679132740013301373e-04
-3.164374502375721931e-04
-3.707641444634646177e-04
-4.310131771489977837e-04
-4.971861490048468113e-04
-5.691408296115696430e-04
-6.465640617534518242e-04
-7.289444911293685436e-04
-8.155453251674771309e-04
-9.053776157088577747e-04
-9.971766266971826553e-04
-1.089381403289735317e-03
-1.180119696073234081e-03
-1.267200801521539688e-03
-1.348116551525890827e-03
-1.420052605681121349e-03
-1.479910803027451038e-03
-1.524343853816390038e-03
-1.549803884699940681e-03
-1.552604488097131252e-03
-1.528999186120927334e-03
-1.475276891142129898e-03
-1.387872267514467239e-03
-1.263493788428604603e-03
-1.099264132790267467e-03
-8.928694296628236771e-04
-6.427157786674797535e-04
-3.480833256617188454e-04
-9.275759111915249377e-06
3.722428518813103437e-04
7.937290938571095467e-04
1.251066103577613831e-03
1.738701597787439823e-03
2.249624812975525856e-03
2.775391330942511559e-03
3.306200262159109116e-03
3.831030335277318954e-03
4.337835591286420822e-03
4.813802428543567657e-03
5.245658103376626968e-03
5.620033014565706253e-03
5.923856981098651886e-03
6.144786719232797623e-03
6.271647289395332336e-03
6.294874940067529678e-03
6.206944119185209274e-03
6.002753973007202148e-03
5.679967813193798065e-03
5.239267833530902863e-03
4.684522747993469238e-03
4.022840410470962524e-03
3.264506114646792412e-03
2.422796329483389854e-03
1.513675670139491558e-03
5.553800729103386402e-04
-4.320961888879537582e-04
-1.427595387212932110e-03
-2.409451873973011971e-03
-3.356182482093572617e-03
-4.247183911502361298e-03
-5.063404794782400131e-03
-5.787957925349473953e-03
-6.406642030924558640e-03
-6.908345036208629608e-03
-7.285306695848703384e-03
-7.533236406743526459e-03
-7.651275955140590668e-03
-7.641825824975967407e-03
-7.510244846343994141e-03
-7.264452055096626282e-03
-6.914447061717510223e-03
-6.471792701631784439e-03
-5.949077662080526352e-03
-5.359407048672437668e-03
-4.715944640338420868e-03
-4.031538031995296478e-03
-3.318458562716841698e-03
-2.588250907137989998e-03
-1.851706765592098236e-03
-1.118934364058077335e-03
-3.995025181211531162e-04
2.973783994093537331e-04
9.626757237128913403e-04
1.587391598150134087e-03
2.162488643079996109e-03
2.678909804672002792e-03
3.127709962427616119e-03
3.500302555039525032e-03
3.788824658840894699e-03
3.986597526818513870e-03
4.088655579835176468e-03
4.092300310730934143e-03
3.997621126472949982e-03
3.807926084846258163e-03
3.530017565935850143e-03
3.174267709255218506e-03
2.754455432295799255e-03
2.287353156134486198e-03
1.792073249816894531e-03
1.289202948100864887e-03
7.997769280336797237e-04
3.441517765168100595e-04
-5.914210851187817752e-05
-3.944916243199259043e-04
-6.501505849882960320e-04
-8.189696236513555050e-04
-8.988403133116662502e-04
-8.928050519898533821e-04
-8.088134345598518848e-04
-6.591335986740887165e-04
-4.594599886331707239e-04
-2.277855965076014400e-04
1.687286203377880156e-05
2.557960397098213434e-04
4.718274576589465141e-04
6.504873163066804409e-04
7.808528025634586811e-04
8.561427821405231953e-04
8.739679469726979733e-04
8.362362859770655632e-04
7.487317780032753944e-04
6.204117671586573124e-04
4.624948487617075443e-04
2.874264901038259268e-04
1.078198692994192243e-04
-6.453417154261842370e-05
-2.195051492890343070e-04
-3.492466639727354050e-04
-4.485674726311117411e-04
-5.150379729457199574e-04
-5.488441092893481255e-04
-5.524238222278654575e-04
-5.299369804561138153e-04
-4.866342933382838964e-04
-4.281948495190590620e-04
-3.601034404709935188e-04
-2.871295146178454161e-04
-2.129553467966616154e-04
-1.399801840307191014e-04
-6.930520612513646483e-05
-8.818823857836832758e-07
6.621048669330775738e-05
1.334032858721911907e-04
2.022425760515034199e-04
2.740061900112777948e-04
3.493756521493196487e-04
4.281958681531250477e-04
5.093455547466874123e-04
5.907295853830873966e-04
6.693931063637137413e-04
7.417435408569872379e-04
8.038560044951736927e-04
8.518286631442606449e-04
8.821483934298157692e-04
8.920307736843824387e-04
8.797007612884044647e-04
8.445926359854638577e-04
7.874559378251433372e-04
7.103648385964334011e-04
6.166343227960169315e-04
5.106504540890455246e-04
3.976268344558775425e-04
2.832987520378082991e-04
1.735728437779471278e-04
7.415188156301155686e-05
-9.841946848609950393e-06
-7.421940972562879324e-05
-1.160277170129120350e-04
-1.337831199634820223e-04
-1.276155235245823860e-04
-9.931321983458474278e-05
-5.226103166933171451e-05
8.729743967705871910e-06
7.769600779283791780e-05
1.478916819905862212e-04
2.122322330251336098e-04
2.637871366459876299e-04
2.962843282148241997e-04
3.045849734917283058e-04
2.850858436431735754e-04
2.360114740440621972e-04
1.575669739395380020e-04
5.193519973545335233e-05
-7.688397454330697656e-05
-2.233812410850077868e-04
-3.809685294982045889e-04
-5.424983683042228222e-04
-7.008289103396236897e-04
-8.493853383697569370e-04
-9.826665045693516731e-04
-1.096648396924138069e-03
-1.189045375213027000e-03
-1.259404467418789864e-03
-1.309026381932199001e-03
-1.340726506896317005e-03
-1.358464825898408890e-03
-1.366887241601943970e-03
-1.370824407786130905e-03
-1.374796731397509575e-03
-1.382567221298813820e-03
-1.396780018694698811e-03
-1.418710453435778618e-03
-1.448143157176673412e-03
-1.483386033214628696e-03
-1.521410304121673107e-03
-1.558101736009120941e-03
-1.588591607287526131e-03
-1.607637037523090839e-03
-1.610012259334325790e-03
-1.590879983268678188e-03
-1.546120620332658291e-03
-1.472598989494144917e-03
-1.368364784866571426e-03
-1.232780516147613525e-03
-1.066579017788171768e-03
-8.718521567061543465e-04
-6.519750459119677544e-04
-4.114696348551660776e-04
-1.558170770294964314e-04
1.087728014681488276e-04
3.756234655156731606e-04
6.378742400556802750e-04
8.887733565643429756e-04
1.121971290558576584e-03
1.331804320216178894e-03
1.513555529527366161e-03
1.663677161559462547e-03
1.779959537088871002e-03
1.861626747995615005e-03
1.909351442009210587e-03
1.925178454257547855e-03
1.912364270538091660e-03
1.875141519121825695e-03
1.818424672819674015e-03
1.747480942867696285e-03
1.667585573159158230e-03
1.583686214871704578e-03
1.500098500400781631e-03
1.420252956449985504e-03
1.346514327451586723e-03
1.280087162740528584e-03
1.221015583723783493e-03
1.168276299722492695e-03
1.119955093599855900e-03
1.073486404493451118e-03
1.025933888740837574e-03
9.742848924361169338e-04
9.157363092526793480e-04
8.479503449052572250e-04
7.692651124671101570e-04
6.788463215343654156e-04
5.767728434875607491e-04
4.640497791115194559e-04
3.425512695685029030e-04
2.148981438949704170e-04
8.428408909821882844e-05
-4.573305341182276607e-05
-1.714551617624238133e-04
-2.892645425163209438e-04
-3.958265588153153658e-04
-4.882632347289472818e-04
-5.642914329655468464e-04
-6.223215023055672646e-04
-6.615142337977886200e-04
-6.817946559749543667e-04
-6.838238332420587540e-04
-6.689317524433135986e-04
-6.390179041773080826e-04
-5.964299780316650867e-04
-5.438294028863310814e-04
-4.840557812713086605e-04
-4.199947579763829708e-04
-3.544557548593729734e-04
-2.900605904869735241e-04
-2.291454438818618655e-04
-1.736797421472147107e-04
-1.252066576853394508e-04
-8.481051918352022767e-05
-5.311508357408456504e-05
-3.031328560609836131e-05
-1.622510535526089370e-05
-1.037691799865569919e-05
-1.209382116940105334e-05
-2.059651160379871726e-05
-3.509529051370918751e-05
-5.487490489031188190e-05
-7.936441397760063410e-05
-1.081860536942258477e-04
-1.411772973369807005e-04
-1.783812913345173001e-04
-2.200042508775368333e-04
-2.663425111677497625e-04
-3.176871396135538816e-04
-3.742175176739692688e-04
-4.358965670689940453e-04
-5.023796111345291138e-04
-5.729462136514484882e-04
-6.464606849476695061e-04
-7.213648059405386448e-04
-7.957047200761735439e-04
-8.671916439197957516e-04
-9.332951158285140991e-04
-9.913643589243292809e-04
-1.038768794387578964e-03
-1.073046936653554440e-03
-1.092048478312790394e-03
-1.094058039598166943e-03
-1.077889581210911274e-03
-1.042944961227476597e-03
-9.892371017485857010e-04
-9.173793951049447060e-04
-8.285445510409772396e-04
-7.243975414894521236e-04
-6.070067756809294224e-04
-4.787385696545243263e-04
-3.421404981054365635e-04
-1.998234656639397144e-04
-5.435041384771466255e-05
9.185852832160890102e-05
2.365989203099161386e-04
3.779302933253347874e-04
5.142010631971061230e-04
6.440535653382539749e-04
7.664133445359766483e-04
8.804653189145028591e-04
9.856198448687791824e-04
1.081469468772411346e-03
1.167740439996123314e-03
1.244240789674222469e-03
1.310812658630311489e-03
1.367291435599327087e-03
1.413477002643048763e-03
1.449116040021181107e-03
1.473895390518009663e-03
1.487442757934331894e-03
1.489334390498697758e-03
1.479108468629419804e-03
1.456285244785249233e-03
1.420396380126476288e-03
1.371023710817098618e-03
1.307844184339046478e-03
1.230679336003959179e-03
1.139542087912559509e-03
1.034678425639867783e-03
9.166002855636179447e-04
7.861098274588584900e-04
6.443142192438244820e-04
4.926315159536898136e-04
3.327852464281022549e-04
1.667849282966926694e-04
-3.109475301243946888e-06
-1.744410401443019509e-04
-3.446250630076974630e-04
-5.110295605845749378e-04
-6.710612215101718903e-04
-8.222509641200304031e-04
-9.623348596505820751e-04
-1.089327270165085793e-03
-1.201585051603615284e-03
-1.297859707847237587e-03
-1.377335051074624062e-03
-1.439646934159100056e-03
-1.484878710471093655e-03
-1.513535273261368275e-03
-1.526492298580706120e-03
-1.524928957223892212e-03
-1.510246307589113712e-03
-1.483981031924486160e-03
-1.447715796530246735e-03
-1.402991823852062225e-03
-1.351225771941244602e-03
-1.293633948080241680e-03
-1.231169910170137882e-03
-1.164480345323681831e-03
-1.093886909075081348e-03
-1.019396935589611530e-03
-9.407424950040876865e-04
-8.574475650675594807e-04
-7.689128397032618523e-04
-6.745139253325760365e-04
-5.737038445658981800e-04
-4.661146958824247122e-04
-3.516513388603925705e-04
-2.305729140061885118e-04
-1.035540190059691668e-04
2.828064316418021917e-05
1.633548672543838620e-04
2.996758848894387484e-04
4.349054652266204357e-04
5.664618220180273056e-04
6.916445563547313213e-04
8.077723323367536068e-04
9.123233612626791000e-04
1.003068871796131134e-03
1.078192028217017651e-03
1.136383973062038422e-03
1.176909194327890873e-03
1.199636608362197876e-03
1.205029082484543324e-03
1.194095588289201260e-03
1.168306684121489525e-03
1.129485084675252438e-03
1.079678651876747608e-03
1.021030126139521599e-03
9.556520381011068821e-04
8.855138439685106277e-04
8.123508887365460396e-04
7.375965360552072525e-04
6.623443914577364922e-04
5.873420159332454205e-04
5.130163044668734074e-04
4.395278519950807095e-04
3.668462450150400400e-04
2.948369656223803759e-04
2.233492268715053797e-04
1.522945822216570377e-04
8.171094668796285987e-05
1.180800336442189291e-05
-5.700631299987435341e-05
-1.241182326339185238e-04
-1.887190592242404819e-04
-2.498344692867249250e-04
-3.063706390094012022e-04
-3.571748093236237764e-04
-4.011038690805435181e-04
-4.370946553535759449e-04
-4.642280691768974066e-04
-4.817816370632499456e-04
-4.892684519290924072e-04
-4.864627844654023647e-04
-4.734143149107694626e-04
-4.504540120251476765e-04
-4.181909898761659861e-04
-3.775001678150147200e-04
-3.294980560895055532e-04
-2.755063178483396769e-04
-2.170032093999907374e-04
-1.555668859509751201e-04
-9.281443635700270534e-05
-3.034106885024812073e-05
3.033768371096812189e-05
8.783957309788092971e-05
1.409643737133592367e-04
1.887367398012429476e-04
2.304403606103733182e-04
2.656396827660501003e-04
2.941843995358794928e-04
3.161942004226148129e-04
3.320233081467449665e-04
3.422074660193175077e-04
3.473993856459856033e-04
3.482983156573027372e-04
3.455803089309483767e-04
3.398343978915363550e-04
3.315090143587440252e-04
3.208722628187388182e-04
3.079900925513356924e-04
2.927251334767788649e-04
2.747576509136706591e-04
2.536279207561165094e-04
2.287957177031785250e-04
1.997110375668853521e-04
1.658875262364745140e-04
1.269717758987098932e-04
8.280155452666804194e-05
3.344892684253863990e-05
-2.075482734653633088e-05
-7.921420183265581727e-05
-1.410851691616699100e-04
-2.053110802080482244e-04
-2.706766244955360889e-04
-3.358750254847109318e-04
-3.995820297859609127e-04
-4.605292342603206635e-04
-5.175694241188466549e-04
-5.697297165170311928e-04
-6.162491044960916042e-04
-6.566010997630655766e-04
-6.905021145939826965e-04
-7.179061067290604115e-04
-7.389869424514472485e-04
-7.541087106801569462e-04
-7.637857925146818161e-04
-7.686358294449746609e-04
-7.693299558013677597e-04
-7.665458251722157001e-04
-7.609263993799686432e-04
-7.530472357757389545e-04
-7.433904102072119713e-04
-7.323242025449872017e-04
-7.200854597613215446e-04
-7.067656842991709709e-04
-6.923018372617661953e-04
-6.764750578440725803e-04
-6.589197437278926373e-04
-6.391440983861684799e-04
-6.165594677440822124e-04
-5.905160796828567982e-04
-5.603407043963670731e-04
-5.253746639937162399e-04
-4.850105324294418097e-04
-4.387291555758565664e-04
-3.861360892187803984e-04
-3.269970184192061424e-04
-2.612682874314486980e-04
-1.891185529530048370e-04
-1.109375734813511372e-04
-2.733037945290561765e-05
6.090201713959686458e-05
1.527921995148062706e-04
2.472420746926218271e-04
3.430611395742744207e-04
4.390057292766869068e-04
5.338178598321974277e-04
6.262639071792364120e-04
7.151710451580584049e-04
7.994591142050921917e-04
8.781649521552026272e-04
9.504564222879707813e-04
1.015635207295417786e-03
1.073131454177200794e-03
1.122492016293108463e-03
1.163367414847016335e-03
1.195498858578503132e-03
1.218708464875817299e-03
1.232888782396912575e-03
1.237994176335632801e-03
1.234031980857253075e-03
1.221054350025951862e-03
1.199153950437903404e-03
1.168464426882565022e-03
1.129164826124906540e-03
1.081489492207765579e-03
1.025737961754202843e-03
9.622836369089782238e-04
8.915801881812512875e-04
8.141637663356959820e-04
7.306528859771788120e-04
6.417463300749659538e-04
5.482194828800857067e-04
4.509187419898808002e-04
3.507529618218541145e-04
2.486808807589113712e-04
1.456953032175078988e-04
4.280457505956292152e-05
-5.898657400393858552e-05
-1.586959260748699307e-04
-2.553817466832697392e-04
-3.481604217085987329e-04
-4.362238687463104725e-04
-5.188574432395398617e-04
-5.954568623565137386e-04
-6.655421457253396511e-04
-7.287673070095479488e-04
-7.849240791983902454e-04
-8.339388878084719181e-04
-8.758644107729196548e-04
-9.108662488870322704e-04
-9.392045903950929642e-04
-9.612111025489866734e-04
-9.772600606083869934e-04
-9.877342963591217995e-04
-9.929884690791368484e-04
-9.933110559359192848e-04
-9.888930944725871086e-04
-9.798043174669146538e-04
-9.659822098910808563e-04
-9.472345700487494469e-04
-9.232539450749754906e-04
-8.936441736295819283e-04
-8.579570567235350609e-04
-8.157388074323534966e-04
-7.665844750590622425e-04
-7.101977826096117496e-04
-6.464524776674807072e-04
-5.754474550485610962e-04
-4.975500633008778095e-04
-4.134203772991895676e-04
-3.240137302782386541e-04
-2.305613015778362751e-04
-1.345306664006784558e-04
-3.757073500310070813e-05
5.855561903445050120e-05
1.520472578704357147e-04
2.411457826383411884e-04
3.242176899220794439e-04
3.998323809355497360e-04
4.668295150622725487e-04
5.243693012744188309e-04
5.719608743675053120e-04
6.094669224694371223e-04
6.370858754962682724e-04
6.553165148943662643e-04
6.649087881669402122e-04
6.668078131042420864e-04
6.620922358706593513e-04
6.519122398458421230e-04
6.374283693730831146e-04
6.197550683282315731e-04
5.999134154990315437e-04
5.787963746115565300e-04
5.571500514633953571e-04
5.355702596716582775e-04
5.145126488059759140e-04
4.943116218782961369e-04
4.752038512378931046e-04
4.573524347506463528e-04
4.408692766446620226e-04
4.258347034920006990e-04
4.123136168345808983e-04
4.003665817435830832e-04
3.900545707438141108e-04
3.814355295617133379e-04
3.745529684238135815e-04
3.694177430588752031e-04
3.659872163552790880e-04
3.641454968601465225e-04
3.636893525253981352e-04
3.643213713075965643e-04
3.656508633866906166e-04
3.672013699542731047e-04
3.684226248878985643e-04
3.687066200654953718e-04
3.674063482321798801e-04
3.638578345999121666e-04
3.574043803382664919e-04
3.474211844149976969e-04
3.333379863761365414e-04
3.146563540212810040e-04
2.909601316787302494e-04
2.619184087961912155e-04
2.272826968692243099e-04
1.868811523308977485e-04
1.406125811627134681e-04
8.844275726005434990e-05
3.040424599021207541e-05
-3.339971590321511030e-05
-1.027872785925865173e-04
-1.774861011654138565e-04
-2.571179647929966450e-04
-3.411811194382607937e-04
-4.290322249289602041e-04
-5.198711878620088100e-04
-6.127318483777344227e-04
-7.064816309139132500e-04
-7.998317596502602100e-04
-8.913579513318836689e-04
-9.795315563678741455e-04
-1.062759198248386383e-03
-1.139429165050387383e-03
-1.207964611239731312e-03
-1.266879378817975521e-03
-1.314835040830075741e-03
-1.350693404674530029e-03
-1.373560284264385700e-03
-1.382817397825419903e-03
-1.378136803396046162e-03
-1.359481946565210819e-03
-1.327093457803130150e-03
-1.281465403735637665e-03
-1.223314087837934494e-03
-1.153540215454995632e-03
-1.073187100701034069e-03
-9.833944495767354965e-04
-8.853505714796483517e-04
-7.802459876984357834e-04
-6.692335591651499271e-04
-5.533989169634878635e-04
-4.337443679105490446e-04
-3.111854894086718559e-04
-1.865587255451828241e-04
-6.063585169613361359e-05
6.585774099221453071e-05
1.922232913784682751e-04
3.177678154315799475e-04
4.417825257405638695e-04
5.635211709886789322e-04
6.821809220127761364e-04
7.968894788064062595e-04
9.067017235793173313e-04
1.010608859360218048e-03
1.107560354284942150e-03
1.196495373733341694e-03
1.276381779462099075e-03
1.346256118267774582e-03
1.405264134518802166e-03
1.452698139473795891e-03
1.488029258325695992e-03
1.510934671387076378e-03
1.521313912235200405e-03
1.519294688478112221e-03
1.505222404375672340e-03
1.479634898714721203e-03
1.443225075490772724e-03
1.396793057210743427e-03
1.341196941211819649e-03
1.277305302210152149e-03
1.205956912599503994e-03
1.127928728237748146e-03
1.043914933688938618e-03
9.545164648443460464e-04
8.602420566603541374e-04
7.615216891281306744e-04
6.587322568520903587e-04
5.522324936464428902e-04
4.424042126629501581e-04
3.296940703876316547e-04
2.146492333849892020e-04
9.794266225071623921e-05
-1.961554698937106878e-05
-1.370816898997873068e-04
-2.533959341235458851e-04
-3.674120234791189432e-04
-4.779366718139499426e-04
-5.837760400027036667e-04
-6.837856490164995193e-04
-7.769202347844839096e-04
-8.622782770544290543e-04
-9.391374187543988228e-04
-1.006976468488574028e-03
-1.065482152625918388e-03
-1.114541315473616123e-03
-1.154218218289315701e-03
-1.184720662422478199e-03
-1.206358545459806919e-03
-1.219495432451367378e-03
-1.224498846568167210e-03
-1.221692888066172600e-03
-1.211316906847059727e-03
-1.193495001643896103e-03
-1.168221351690590382e-03
-1.135361497290432453e-03
-1.094670733436942101e-03
-1.045828219503164291e-03
-9.884811006486415863e-04
-9.222988155670464039e-04
-8.470299653708934784e-04
-7.625618018209934235e-04
-6.689762230962514877e-04
-5.665993667207658291e-04
-4.560399684123694897e-04
-3.382109862286597490e-04
-2.143326128134503961e-04
-8.591390360379591584e-05
4.528487625066190958e-05
1.773064286680892110e-04
3.080623282585293055e-04
4.354061384219676256e-04
5.572088412009179592e-04
6.714332266710698605e-04
7.762023014947772026e-04
8.698584279045462608e-04
9.510091622360050678e-04
1.018555718474090099e-03
1.071703853085637093e-03
1.109955948777496815e-03
1.133088255301117897e-03
1.141118002124130726e-03
1.134263700805604458e-03
1.112904399633407593e-03
1.077541150152683258e-03
1.028763130307197571e-03
9.672198793850839138e-04
8.936027879826724529e-04
8.086364832706749439e-04
7.130805170163512230e-04
6.077417056076228619e-04
4.934943281114101410e-04
3.713043697644025087e-04
2.422550896881148219e-04
1.075694672181271017e-04
-3.137199746561236680e-05
-1.730197109282016754e-04
-3.156500170007348061e-04
-4.573680052999407053e-04
-5.961189162917435169e-04
-7.297102711163461208e-04
-8.558449335396289825e-04
-9.721662499941885471e-04
-1.076312153600156307e-03
-1.165977446362376213e-03
-1.238980679772794247e-03
-1.293331966735422611e-03
-1.327301724813878536e-03
-1.339487382210791111e-03
-1.328875892795622349e-03
-1.294899615459144115e-03
-1.237479737028479576e-03
-1.157056540250778198e-03
-1.054598949849605560e-03
-9.315967326983809471e-04
-7.900321506895124912e-04
-6.323370034806430340e-04
-4.613361961673945189e-04
-2.801808295771479607e-04
-9.227340342476963997e-05
9.881422738544642925e-05
2.894281351473182440e-04
4.759225703310221434e-04
6.547495722770690918e-04
8.225450874306261539e-04
9.762078407220542431e-04
1.112970523536205292e-03
1.230462105013430119e-03
1.326762139797210693e-03
1.400447101332247257e-03
1.450626179575920105e-03
1.476965262554585934e-03
1.479693804867565632e-03
1.459594350308179855e-03
1.417970284819602966e-03
1.356593798846006393e-03
1.277636620216071606e-03
1.183583168312907219e-03
1.077132648788392544e-03
9.610895649529993534e-04
8.382505620829761028e-04
7.112908642739057541e-04
5.826586275361478329e-04
4.544857947621494532e-04
3.285218263044953346e-04
2.060970000457018614e-04
8.811704901745542884e-05
-2.491097802703734487e-05
-1.328247453784570098e-04
-2.357287012273445725e-04
-3.338977112434804440e-04
-4.276687104720622301e-04
-5.173283861950039864e-04
-6.030063377693295479e-04
-6.845847819931805134e-04
-7.616362418048083782e-04
-8.333963342010974884e-04
-8.987784967757761478e-04
-9.564282372593879700e-04
-1.004814053885638714e-03
-1.042344956658780575e-03
-1.067505450919270515e-03
-1.078996574506163597e-03
-1.075871870853006840e-03
-1.057655434124171734e-03
-1.024433178827166557e-03
-9.769021999090909958e-04
-9.163729846477508545e-04
-8.447166183032095432e-04
-7.642601849511265755e-04
-6.776371737942099571e-04
-5.876066861674189568e-04
-4.968594294041395187e-04
-4.078291240148246288e-04
-3.225260297767817974e-04
-2.424090635031461716e-04
-1.683068694546818733e-04
-1.003959623631089926e-04
-3.823928273050114512e-05
1.911638173623941839e-05
7.299163553398102522e-05
1.248876360477879643e-04
1.762796600814908743e-04
2.284129877807572484e-04
2.821226953528821468e-04
3.376970416866242886e-04
3.947982040699571371e-04
4.524484393186867237e-04
5.090822814963757992e-04
5.626601050607860088e-04
6.108318921178579330e-04
6.511366227641701698e-04
6.812185165472328663e-04
6.990386173129081726e-04
7.030622800812125206e-04
6.924014305695891380e-04
6.668994901701807976e-04
6.271504098549485207e-04
5.744516383856534958e-04
5.106998141855001450e-04
4.382413462735712528e-04
3.596956084948033094e-04
2.777696354314684868e-04
1.950826408574357629e-04
1.140170061262324452e-04
3.660815855255350471e-05
-3.551814370439387858e-05
-1.011591302813030779e-04
-1.595024223206564784e-04
-2.100568672176450491e-04
-2.525602467358112335e-04
-2.868796000257134438e-04
-3.129197575617581606e-04
-3.305538557469844818e-04
-3.395851526875048876e-04
-3.397454274818301201e-04
-3.307297301944345236e-04
-3.122623311355710030e-04
-2.841843233909457922e-04
-2.465497527737170458e-04
-1.997158251469954848e-04
-1.444119989173486829e-04
-8.177640847861766815e-05
-1.335137676505837590e-05
5.896402581129223108e-05
1.330009254161268473e-04
2.064386208076030016e-04
2.769416605588048697e-04
3.423019952606409788e-04
4.005722585134208202e-04
4.501769144553691149e-04
4.899901687167584896e-04
5.193728720769286156e-04
5.381652154028415680e-04
5.466355360113084316e-04
5.453933845274150372e-04
5.352767766453325748e-04
5.172284436412155628e-04
4.921752843074500561e-04
4.609255120158195496e-04
4.240933631081134081e-04
3.820581187028437853e-04
3.349601174704730511e-04
2.827326534315943718e-04
2.251651312690228224e-04
1.619900140212848783e-04
9.298404620494693518e-05
1.807177977752871811e-05
-6.258051143959164619e-05
-1.484919630456715822e-04
-2.388239372521638870e-04
-3.323713608551770449e-04
-4.275893734302371740e-04
-5.226519424468278885e-04
-6.155361188575625420e-04
-7.041243952699005604e-04
-7.863154751248657703e-04
-8.601359440945088863e-04
-9.238419588655233383e-04
-9.760048124007880688e-04
-1.015571295283734798e-03
-1.041895244270563126e-03
-1.054737018421292305e-03
-1.054232940077781677e-03
-1.040838193148374557e-03
-1.015251735225319862e-03
-9.783296845853328705e-04
-9.309987071901559830e-04
-8.741754572838544846e-04
-8.087016758508980274e-04
-7.352997199632227421e-04
-6.545544601976871490e-04
-5.669223610311746597e-04
-4.727685300167649984e-04
-3.724266134668141603e-04
-2.662755141500383615e-04
-1.548231230117380619e-04
-3.878637653542682528e-05
8.084234286798164248e-05
2.027521113632246852e-04
3.253001777920871973e-04
4.465330857783555984e-04
5.642427131533622742e-04
6.760554970242083073e-04
7.795483688823878765e-04
8.723825449123978615e-04
9.524425258859992027e-04
1.017967704683542252e-03
1.067662728019058704e-03
1.100776484236121178e-03
1.117140869610011578e-03
1.117167761549353600e-03
1.101803733035922050e-03
1.072446932084858418e-03
1.030834857374429703e-03
9.789125761017203331e-04
9.186939569190144539e-04
8.521287818439304829e-04
7.809898816049098969e-04
7.067890837788581848e-04
6.307314033620059490e-04
5.537074757739901543e-04
4.763233882840722799e-04
3.989590331912040710e-04
3.218466299585998058e-04
2.451577747706323862e-04
1.690883655101060867e-04
9.393220534548163414e-05
2.013444827753119171e-05
-5.168141797184944153e-05
-1.207172899739816785e-04
-1.860356860561296344e-04
-2.466231235302984715e-04
-3.014739195350557566e-04
-3.496835706755518913e-04
-3.905387420672923326e-04
-4.235921369399875402e-04
-4.487126716412603855e-04
-4.661053826566785574e-04
-4.762988537549972534e-04
-4.801016184501349926e-04
-4.785308847203850746e-04
-4.727193445432931185e-04
-4.638077225536108017e-04
-4.528332792688161135e-04
-4.406256775837391615e-04
-4.277231637388467789e-04
-4.143196565564721823e-04
-4.002509813290089369e-04
-3.850226930808275938e-04
-3.678769571706652641e-04
-3.478918224573135376e-04
-3.241020312998443842e-04
-2.956306270789355040e-04
-2.618191647343337536e-04
-2.223444462288171053e-04
-1.773110270733013749e-04
-1.273084490094333887e-04
-7.342519529629498720e-05
-1.721419539535418153e-05
3.938918234780430794e-05
9.419039997737854719e-05
1.448883413104340434e-04
1.892417349154129624e-04
2.252330596093088388e-04
2.512146311346441507e-04
2.660248719621449709e-04
2.690660185180604458e-04
2.603378961794078350e-04
2.404258266324177384e-04
2.104439045069739223e-04
1.719386200420558453e-04
1.267617481062188745e-04
7.692528015468269587e-05
2.445302743581123650e-05
-2.875564314308576286e-05
-8.103736763587221503e-05
-1.310426159761846066e-04
-1.777758297976106405e-04
-2.205986529588699341e-04
-2.592000819277018309e-04
-2.935400989372283220e-04
-3.237742639612406492e-04
-3.501681785564869642e-04
-3.730107855517417192e-04
-3.925359342247247696e-04
-4.088605346623808146e-04
-4.219458787702023983e-04
-4.315849801059812307e-04
-4.374152631498873234e-04
-4.389524110592901707e-04
-4.356391145847737789e-04
-4.269008641131222248e-04
-4.122028185520321131e-04
-3.911016974598169327e-04
-3.632890002336353064e-04
-3.286227874923497438e-04
-2.871461911126971245e-04
-2.390921581536531448e-04
-1.848746323958039284e-04
-1.250691711902618408e-04
-6.038566425559110940e-05
8.361809705093037337e-06
8.028417505556717515e-05
1.544421975268051028e-04
2.298653271282091737e-04
3.055645211134105921e-04
3.805400046985596418e-04
4.537858767434954643e-04
5.242935148999094963e-04
5.910555482842028141e-04
6.530728423967957497e-04
7.093661115504801273e-04
7.589937886223196983e-04
8.010768797248601913e-04
8.348296978510916233e-04
8.595950785093009472e-04
8.748796535655856133e-04
8.803860982879996300e-04
8.760371711105108261e-04
8.619888103567063808e-04
8.386301924474537373e-04
8.065681322477757931e-04
7.665968732908368111e-04
7.196535007096827030e-04
6.667606648989021778e-04
6.089613307267427444e-04
5.472504999488592148e-04
4.825101641472429037e-04
4.154554917477071285e-04
3.465975460130721331e-04
2.762279473245143890e-04
2.044269785983487964e-04
1.310947700403630733e-04
5.600325675914064050e-05
-2.113633672706782818e-05
-1.005956655717454851e-04
-1.825481012929230928e-04
-2.669913810677826405e-04
-3.536809817887842655e-04
-4.420812765602022409e-04
-5.313390283845365047e-04
-6.202826625667512417e-04
-7.074474124237895012e-04
-7.911255815997719765e-04
-8.694370626471936703e-04
-9.404168231412768364e-04
-1.002112519927322865e-03
-1.052687293849885464e-03
-1.090521458536386490e-03
-1.114304875954985619e-03
-1.123115886002779007e-03
-1.116479048505425453e-03
-1.094397972337901592e-03
-1.057361252605915070e-03
-1.006319886073470116e-03
-9.426405886188149452e-04
-8.680352475494146347e-04
-7.844734354875981808e-04
-6.940810126252472401e-04
-5.990311619825661182e-04
-5.014341440983116627e-04
-4.032319120597094297e-04
-3.061063180211931467e-04
-2.114065864589065313e-04
-1.201030536321923137e-04
-3.276983989053405821e-05
5.040144969825632870e-05
1.295586844207718968e-04
2.051200135610997677e-04
2.776837209239602089e-04
3.479238075669854879e-04
4.164791316725313663e-04
4.838451859541237354e-04
5.502776475623250008e-04
6.157170282676815987e-04
6.797413807362318039e-04
7.415526779368519783e-04
7.999981171451508999e-04
8.536251261830329895e-04
9.007663466036319733e-04
9.396465029567480087e-04
9.685048134997487068e-04
9.857220575213432312e-04
9.899435099214315414e-04
9.801874402910470963e-04
9.559306199662387371e-04
9.171639103442430496e-04
8.644125191494822502e-04
7.987210992723703384e-04
7.216046797111630440e-04
6.349709583446383476e-04
5.410197773016989231e-04
4.421275225467979908e-04
3.407245676498860121e-04
2.391725865891203284e-04
1.396497245877981186e-04
4.405092477099969983e-05
-4.609032839653082192e-05
-1.296534464927390218e-04
-2.059521066257730126e-04
-2.747246762737631798e-04
-3.360956325195729733e-04
-3.905119374394416809e-04
-4.386598884593695402e-04
-4.813692648895084858e-04
-5.195118719711899757e-04
-5.539017729461193085e-04
-5.852039321325719357e-04
-6.138585158623754978e-04
-6.400258280336856842e-04
-6.635561585426330566e-04
-6.839872803539037704e-04
-7.005690131336450577e-04
-7.123149698600172997e-04
-7.180768880061805248e-04
-7.166381110437214375e-04
-7.068200502544641495e-04
-6.875942926853895187e-04
-6.581914494745433331e-04
